
79420

97748
97754
97760


7116 0999 1289 0902 2006 7663
4076 6051 1853 6462 6916 3940
1069 0874 8873 2986 6848 1058
1499 6974 3057 2260 7717 8764
4894 6674 8823 6593 9090 9476
3259 6679 4358 5082 8571 3113
9105 9302 7010 6634 0022 5036
7100 7107 6028 3818 7015 2020
6227 3910 8003 1875 4441 5169
6886 4932 6914 8320 9698 5367


79418

97749
97747
97742

0007 9751 1931 0065 3405 9978
0605 9989 4139 3672 0732 2108
9521 4685 8361 2550 8567 1554
0238 7379 1961 9591 8512 0250
7582 4363 7569 9649 9811 1997
9571 0332 7875 1117 3181 9322
3861 7156 0874 0614 1503 4371
5220 9684 6722 2398 0036 4943
1792 3926 0950 6199 7643 2203
9892 8811 7328 4831 0082 4359


79416

97775
97761
97753

5737 0278 5500 8865 6642 3408
9888 4034 3990 8407 7630 1556
8002 9040 0844 6055 2963 6047
1735 0531 7217 6399 9086 8242
0496 3305 6380 4846 1600 1837
9371 9623 6765 5180 5577 6707
0224 1980 8009 6194 7899 0021
6953 6238 7846 3871 3375 8397
2352 2631 5050 1233 0487 0826
8458 7245 5151 6223 6817 4481


79417

97777
97756
97751

0434 1112 0866 2150 4985 2266
1067 7268 4679 9554 3241 1320
1885 5495 0329 0297 1948 4199
7085 8608 6287 5754 6472 7616
1435 5053 0343 9192 5759 5278
2770 0846 1889 8951 2847 0425
8273 3319 0200 2660 2009 1151
2593 3748 9213 1678 6862 4186
7961 5491 6584 1326 9037 1768
7977 1275 5925 7868 8562 8351


79421

97744
97757
97745

4983 4231 9834 2936 7628 3795
3773 6820 1518 7049 5367 9696
0935 6816 2699 9771 8912 5575
1948 2326 3387 9584 9955 8378
2665 1037 4236 5882 8543 7853
6269 0242 9235 0370 2496 3354
3035 6042 3937 2097 0714 6365
9976 8423 4164 9932 9321 9401
9866 9525 4979 2569 0885 7968
6412 4057 9848 8828 6836 5830



79422

95502
97089

1793 3644 9850 3481 0826 2164
4891 4490 4844 6133 2683 3634
6045 4105 5544 3876 6935 0795
5010 9819 5456 6052 9865 0251
5951 7328 8593 6174 5587 0828
9419 6852 5760 6356 2763 4613
1657 8562 8223 5719 5391 9275
6276 0469 3656 2857 6351 2033



79414

97779
97746
97750

7406 3322 2133 4759 9921 6484
0966 5865 7968 7336 5290 1532
4013 7691 7922 0709 9903 2766
1729 5301 6128 0433 5427 2791
1548 2778 6033 9910 0427 3147
4586 8055 3885 6295 7225 6700
8529 0455 6084 2428 5701 3908
9978 4649 5369 0434 3313 2627
6841 3977 7101 2847 9145 2295
3366 3211 0335 0169 1949 6011